N,       434193.0,     0.000000000,     0.000899443,     0.001749999
N,       434203.0,     0.000000000,     0.001220557,     0.001749999
N,       434225.0,     0.000000000,     0.000000000,     0.001749999
N,       434226.0,     0.000000000,     0.000102870,     0.001749999
N,       434227.0,     0.000000000,     0.000205739,     0.001749999
N,       434228.0,     0.000000000,     0.000308609,     0.001749999
N,       434229.0,     0.000000000,     0.000411479,     0.001749999
N,       434230.0,     0.000000000,     0.000514349,     0.001749999
N,       434231.0,     0.000000000,     0.000616124,     0.001749999
N,       434232.0,     0.000000000,     0.000711859,     0.001749999
N,       434233.0,     0.000000000,     0.000804121,     0.001749999
N,       434252.0,     0.000000000,     0.002275000,     0.001749999
N,       434286.0,     0.000000000,     0.001325131,     0.001749999
N,       434287.0,     0.000000000,     0.001430580,     0.001749999
N,       434288.0,     0.000000000,     0.001536053,     0.001749999
N,       434289.0,     0.000000000,     0.001641526,     0.001749999
N,       434290.0,     0.000000000,     0.001746999,     0.001749999
N,       434291.0,     0.000000000,     0.001852472,     0.001749999
N,       434292.0,     0.000000000,     0.001957945,     0.001749999
N,       434293.0,     0.000000000,     0.002063417,     0.001749999
N,       434294.0,     0.000000000,     0.002168890,     0.001749999
N,       437430.0,    -0.000990000,     0.000000000,     0.001749999
N,       437431.0,    -0.000810000,     0.000000000,     0.001749999
N,       437432.0,    -0.000939992,     0.000080160,     0.001749999
N,       437433.0,    -0.000846700,     0.000072084,     0.001749999
N,       437434.0,    -0.000900233,     0.000000000,     0.001749999
N,       437435.0,    -0.000779443,     0.000000000,     0.001749999
N,       437436.0,    -0.000097461,     0.000000000,     0.001749999
N,       437437.0,    -0.000194921,     0.000000000,     0.001749999
N,       437438.0,    -0.000292382,     0.000000000,     0.001749999
N,       437439.0,    -0.000389843,     0.000000000,     0.001749999
N,       437440.0,    -0.000487303,     0.000000000,     0.001749999
N,       437441.0,    -0.000584764,     0.000000000,     0.001749999
N,       437442.0,    -0.000682224,     0.000000000,     0.001749999
N,       437443.0,    -0.001100557,     0.000000000,     0.001749999
N,       437444.0,    -0.002275000,     0.000000000,     0.001749999
N,       437445.0,    -0.001204436,     0.000000000,     0.001749999
N,       437446.0,    -0.001309609,     0.000000000,     0.001749999
N,       437447.0,    -0.001416673,     0.000000000,     0.001749999
N,       437448.0,    -0.001523881,     0.000000000,     0.001749999
N,       437449.0,    -0.001631089,     0.000000000,     0.001749999
N,       437450.0,    -0.001738297,     0.000000000,     0.001749999
N,       437451.0,    -0.001845505,     0.000000000,     0.001749999
N,       437452.0,    -0.001952713,     0.000000000,     0.001749999
N,       437453.0,    -0.002059920,     0.000000000,     0.001749999
N,       437454.0,    -0.002167128,     0.000000000,     0.001749999
N,       437455.0,    -0.000600557,     0.001096280,     0.001749999
N,       437456.0,    -0.000600557,     0.000899443,     0.001749999
N,       437457.0,    -0.000600557,     0.000988685,     0.001749999
N,       437458.0,    -0.000279443,     0.000899443,     0.001749999
N,       437459.0,    -0.000525041,     0.000899443,     0.001749999
N,       437460.0,    -0.000438620,     0.000899443,     0.001749999
N,       437461.0,    -0.000353540,     0.000899443,     0.001749999
N,       437462.0,    -0.000279443,     0.001218364,     0.001749999
N,       437463.0,    -0.000279443,     0.000967479,     0.001749999
N,       437464.0,    -0.000279443,     0.001044767,     0.001749999
N,       437465.0,    -0.000279443,     0.001131640,     0.001749999
N,       437466.0,    -0.000499065,     0.001146008,     0.001749999
N,       437467.0,    -0.000390567,     0.001187375,     0.001749999
N,       437468.0,    -0.000868045,     0.000899443,     0.001749999
N,       437469.0,    -0.000779443,     0.000899443,     0.001749999
N,       437470.0,    -0.000779443,     0.000977225,     0.001749999
N,       437471.0,    -0.000825696,     0.000938469,     0.001749999
N,       437472.0,    -0.000600557,     0.000449256,     0.001749999
N,       437473.0,    -0.000279443,     0.000695997,     0.001749999
N,       437474.0,    -0.000558359,     0.000500547,     0.001749999
N,       437475.0,    -0.000498507,     0.000559921,     0.001749999
N,       437476.0,    -0.000425382,     0.000617340,     0.001749999
N,       437477.0,    -0.000347018,     0.000664782,     0.001749999
N,       437478.0,    -0.000279443,     0.000720557,     0.001749999
N,       437479.0,    -0.000564952,     0.000720557,     0.001749999
N,       437480.0,    -0.000362759,     0.000720557,     0.001749999
N,       437481.0,    -0.000465404,     0.000720557,     0.001749999
N,       437482.0,    -0.000600557,     0.000674797,     0.001749999
N,       437483.0,    -0.000600557,     0.000594032,     0.001749999
N,       437484.0,    -0.000600557,     0.000515845,     0.001749999
N,       437485.0,    -0.001100557,     0.000592683,     0.001749999
N,       437486.0,    -0.001100557,     0.000399443,     0.001749999
N,       437487.0,    -0.001100557,     0.000535273,     0.001749999
N,       437488.0,    -0.001100557,     0.000466824,     0.001749999
N,       437489.0,    -0.000779443,     0.000399443,     0.001749999
N,       437490.0,    -0.001025817,     0.000399443,     0.001749999
N,       437491.0,    -0.000940358,     0.000399443,     0.001749999
N,       437492.0,    -0.000851483,     0.000399443,     0.001749999
N,       437493.0,    -0.000779443,     0.000720557,     0.001749999
N,       437494.0,    -0.000779443,     0.000473166,     0.001749999
N,       437495.0,    -0.000779443,     0.000559815,     0.001749999
N,       437496.0,    -0.000779443,     0.000647517,     0.001749999
N,       437497.0,    -0.001021419,     0.000720557,     0.001749999
N,       437498.0,    -0.000849001,     0.000720557,     0.001749999
N,       437499.0,    -0.000935715,     0.000720557,     0.001749999
N,       437500.0,    -0.001068230,     0.000649141,     0.001749999
N,       437501.0,    -0.000779443,     0.000220557,     0.001749999
N,       437502.0,    -0.000779443,     0.000081345,     0.001749999
N,       437503.0,    -0.000779443,     0.000156709,     0.001749999
N,       437504.0,    -0.001064952,     0.000220557,     0.001749999
N,       437505.0,    -0.000861737,     0.000220557,     0.001749999
N,       437506.0,    -0.000965745,     0.000220557,     0.001749999
N,       437507.0,    -0.001100557,     0.000174797,     0.001749999
N,       437508.0,    -0.001100557,     0.000090106,     0.001749999
N,       437509.0,    -0.000107321,     0.002272467,     0.001749999
N,       437510.0,    -0.000215172,     0.002264802,     0.001749999
N,       437511.0,    -0.000321687,     0.002252142,     0.001749999
N,       437512.0,    -0.000424581,     0.002235029,     0.001749999
N,       437513.0,    -0.000525466,     0.002213484,     0.001749999
N,       437514.0,    -0.000625848,     0.002187222,     0.001749999
N,       437515.0,    -0.000725475,     0.002156226,     0.001749999
N,       437516.0,    -0.000825199,     0.002120064,     0.001749999
N,       437517.0,    -0.000922248,     0.002079684,     0.001749999
N,       437518.0,    -0.001016136,     0.002035459,     0.001749999
N,       437519.0,    -0.001109558,     0.001986078,     0.001749999
N,       437520.0,    -0.001200369,     0.001932547,     0.001749999
N,       437521.0,    -0.001287339,     0.001875735,     0.001749999
N,       437522.0,    -0.001372257,     0.001814534,     0.001749999
N,       437523.0,    -0.001453875,     0.001749820,     0.001749999
N,       437524.0,    -0.001532850,     0.001681070,     0.001749999
N,       437525.0,    -0.001608751,     0.001608584,     0.001749999
N,       437526.0,    -0.001681239,     0.001532665,     0.001749999
N,       437527.0,    -0.001749970,     0.001453695,     0.001749999
N,       437528.0,    -0.001814677,     0.001372069,     0.001749999
N,       437529.0,    -0.001875868,     0.001287145,     0.001749999
N,       437530.0,    -0.001932670,     0.001200172,     0.001749999
N,       437531.0,    -0.001986194,     0.001109350,     0.001749999
N,       437532.0,    -0.002035562,     0.001015930,     0.001749999
N,       437533.0,    -0.002079777,     0.000922038,     0.001749999
N,       437534.0,    -0.002120150,     0.000824978,     0.001749999
N,       437535.0,    -0.002156300,     0.000725255,     0.001749999
N,       437536.0,    -0.002187285,     0.000625626,     0.001749999
N,       437537.0,    -0.002213537,     0.000525243,     0.001749999
N,       437538.0,    -0.002235072,     0.000424357,     0.001749999
N,       437539.0,    -0.002252175,     0.000321454,     0.001749999
N,       437540.0,    -0.002264824,     0.000214933,     0.001749999
N,       437541.0,    -0.002272478,     0.000107082,     0.001749999
N,       437542.0,    -0.000064952,     0.001220557,     0.001749999
N,       437543.0,    -0.000100557,     0.001174797,     0.001749999
N,       437544.0,    -0.000100557,     0.000899443,     0.001749999
N,       437545.0,    -0.000100557,     0.001076931,     0.001749999
N,       437546.0,    -0.000100557,     0.000980730,     0.001749999
N,       437547.0,    -0.000490000,     0.001000000,     0.001749999
N,       437548.0,    -0.000310000,     0.001000000,     0.001749999
N,       437549.0,    -0.000443942,     0.001078058,     0.001749999
N,       437550.0,    -0.000346806,     0.001072160,     0.001749999
N,       437551.0,    -0.000353871,     0.000923207,     0.001749999
N,       437552.0,    -0.000449266,     0.000925157,     0.001749999
N,       437553.0,    -0.000990000,     0.000500000,     0.001749999
N,       437554.0,    -0.000810000,     0.000500000,     0.001749999
N,       437555.0,    -0.000947505,     0.000575958,     0.001749999
N,       437556.0,    -0.000850128,     0.000574447,     0.001749999
N,       437557.0,    -0.000858634,     0.000420545,     0.001749999
N,       437558.0,    -0.000956284,     0.000430158,     0.001749999
N,       446963.0,    -0.001637028,     0.000675519,     0.001749999
N,       446964.0,    -0.001336035,     0.001208055,     0.001749999
N,       446965.0,    -0.000918150,     0.001516503,     0.001749999
N,       446966.0,    -0.000463894,     0.001624577,     0.001749999
N,       446967.0,    -0.001350509,     0.000622777,     0.001749999
N,       446968.0,    -0.001757170,     0.000309371,     0.001749999
N,       446969.0,    -0.000283628,     0.000412518,     0.001749999
N,       446970.0,    -0.001006445,     0.001096694,     0.001749999
N,       446971.0,    -0.001380926,     0.000323672,     0.001749999
N,       446972.0,    -0.001612573,     0.001197618,     0.001749999
N,       446973.0,    -0.001482967,     0.000925846,     0.001749999
N,       446974.0,    -0.000429790,     0.001924646,     0.001749999
N,       446975.0,    -0.000668935,     0.001723641,     0.001749999
N,       446976.0,    -0.001185457,     0.001643837,     0.001749999
N,       446977.0,    -0.000559901,     0.000219757,     0.001749999
N,       446978.0,    -0.001743633,     0.000978432,     0.001749999
N,       446979.0,    -0.001913448,     0.000630853,     0.001749999
N,       446980.0,    -0.000683288,     0.001336857,     0.001749999
N,       446981.0,    -0.000957740,     0.001743242,     0.001749999
N,       446982.0,    -0.001249464,     0.000829816,     0.001749999
N,       446983.0,    -0.001450270,     0.001401648,     0.001749999
N,       446984.0,    -0.001990217,     0.000315334,     0.001749999
N,       446985.0,    -0.000232088,     0.001540290,     0.001749999
N,       446986.0,    -0.000216527,     0.001832086,     0.001749999
N,       446987.0,    -0.000429293,     0.001395462,     0.001749999
N,       446988.0,    -0.000671743,     0.001949834,     0.001749999
N,       446989.0,    -0.000865022,     0.001206754,     0.001749999
N,       446990.0,    -0.001498913,     0.000479301,     0.001749999
N,       446991.0,    -0.000274989,     0.002034869,     0.001749999
N,       446992.0,    -0.000206342,     0.000150214,     0.001749999
N,       446993.0,    -0.000713633,     0.001443194,     0.001749999
N,       446994.0,    -0.000185436,     0.000625133,     0.001749999
N,       446995.0,    -0.001582376,     0.000105672,     0.001749999
N,       446996.0,    -0.001022407,     0.000834120,     0.001749999
N,       446997.0,    -0.001197233,     0.000415520,     0.001749999
N,       446998.0,    -0.001369422,     0.001480822,     0.001749999
N,       446999.0,    -0.001148728,     0.000668177,     0.001749999
N,       447000.0,    -0.001289408,     0.000928098,     0.001749999
N,       447001.0,    -0.001802850,     0.000873495,     0.001749999
N,       447002.0,    -0.000660186,     0.000839814,     0.001749999
N,       447003.0,    -0.000143649,     0.000831987,     0.001749999
N,       447004.0,    -0.001943948,     0.000214538,     0.001749999
N,       447005.0,    -0.001792900,     0.000414529,     0.001749999
N,       447006.0,    -0.001499159,     0.000300652,     0.001749999
N,       447007.0,    -0.000712197,     0.000345845,     0.001749999
N,       447008.0,    -0.001208050,     0.000198064,     0.001749999
N,       447009.0,    -0.001676509,     0.000882989,     0.001749999
N,       447010.0,    -0.000464701,     0.000455506,     0.001749999
N,       447011.0,    -0.000431480,     0.000181002,     0.001749999
N,       447012.0,    -0.001189166,     0.000578545,     0.001749999
N,       447013.0,    -0.001726067,     0.000207615,     0.001749999
N,       447014.0,    -0.001970153,     0.000423229,     0.001749999
N,       447015.0,    -0.000261334,     0.001322457,     0.001749999
N,       447016.0,    -0.001365779,     0.000102707,     0.001749999
N,       447017.0,    -0.000500220,     0.002017652,     0.001749999
N,       447018.0,    -0.001387016,     0.000428267,     0.001749999
N,       447019.0,    -0.000902948,     0.001398079,     0.001749999
N,       447020.0,    -0.002067365,     0.000208621,     0.001749999
N,       447021.0,    -0.000376556,     0.001689309,     0.001749999
N,       447022.0,    -0.000746111,     0.001653898,     0.001749999
N,       447023.0,    -0.000587121,     0.001779064,     0.001749999
N,       447024.0,    -0.001416805,     0.001169946,     0.001749999
N,       447025.0,    -0.000846550,     0.001020885,     0.001749999
N,       447026.0,    -0.001720828,     0.001202979,     0.001749999
N,       447027.0,    -0.001914084,     0.000866065,     0.001749999
N,       447028.0,    -0.001531246,     0.001009135,     0.001749999
N,       447029.0,    -0.001407353,     0.000768356,     0.001749999
N,       447030.0,    -0.000849217,     0.001880921,     0.001749999
N,       447031.0,    -0.001321210,     0.001316727,     0.001749999
N,       447032.0,    -0.001192743,     0.001811104,     0.001749999
N,       447033.0,    -0.001026763,     0.001562523,     0.001749999
N,       447034.0,    -0.000140498,     0.000447400,     0.001749999
N,       447035.0,    -0.001330061,     0.001698627,     0.001749999
N,       447036.0,    -0.001005964,     0.001007156,     0.001749999
N,       447037.0,    -0.000135098,     0.002107464,     0.001749999
N,       447038.0,    -0.001633628,     0.001414764,     0.001749999
N,       447039.0,    -0.001134096,     0.001498496,     0.001749999
N,       447040.0,    -0.001555116,     0.000854997,     0.001749999
N,       447041.0,    -0.000560765,     0.000329429,     0.001749999
N,       447042.0,    -0.000126517,     0.000352649,     0.001749999
N,       447043.0,    -0.002057849,     0.000505009,     0.001749999
N,       447044.0,    -0.000546047,     0.001561192,     0.001749999
N,       447045.0,    -0.000552871,     0.001357007,     0.001749999
N,       447046.0,    -0.000313099,     0.000534680,     0.001749999
N,       447047.0,    -0.001627933,     0.000474900,     0.001749999
N,       447048.0,    -0.000123649,     0.001357474,     0.001749999
N,       447049.0,    -0.000691004,     0.000437992,     0.001749999
N,       447050.0,    -0.001339667,     0.001059400,     0.001749999
N,       447051.0,    -0.001176354,     0.001073320,     0.001749999
N,       447052.0,    -0.001148341,     0.001206820,     0.001749999
N,       447053.0,    -0.001116781,     0.000968368,     0.001749999
N,       447054.0,    -0.000451128,     0.000331631,     0.001749999
N,       447055.0,    -0.000176900,     0.001973699,     0.001749999
N,       447056.0,    -0.001780566,     0.000649128,     0.001749999
N,       447057.0,    -0.000665257,     0.000198939,     0.001749999
N,       447058.0,    -0.001493814,     0.001572279,     0.001749999
N,       447059.0,    -0.000590653,     0.001253921,     0.001749999
N,       447060.0,    -0.001020431,     0.001198062,     0.001749999
N,       447061.0,    -0.000227891,     0.000294778,     0.001749999
N,       447062.0,    -0.002014004,     0.000733638,     0.001749999
N,       447063.0,    -0.001421322,     0.000211371,     0.001749999
N,       447064.0,    -0.000933314,     0.001627175,     0.001749999
N,       447065.0,    -0.000694259,     0.000925882,     0.001749999
N,       447066.0,    -0.001509644,     0.000649187,     0.001749999
N,       447067.0,    -0.001014165,     0.001922226,     0.001749999
N,       447068.0,    -0.001138491,     0.000289543,     0.001749999
N,       447069.0,    -0.001018266,     0.001457217,     0.001749999
N,       447070.0,    -0.001095180,     0.001726062,     0.001749999
N,       447071.0,    -0.001544350,     0.001317217,     0.001749999
N,       447072.0,    -0.001648751,     0.001304240,     0.001749999
N,       447073.0,    -0.000316491,     0.000810000,     0.001749999
N,       447074.0,    -0.000800998,     0.000313217,     0.001749999
N,       447075.0,    -0.002154574,     0.000366963,     0.001749999
N,       447076.0,    -0.000112042,     0.000238476,     0.001749999
N,       447077.0,    -0.001252704,     0.000308422,     0.001749999
N,       447078.0,    -0.000192429,     0.000927478,     0.001749999
N,       447079.0,    -0.001882046,     0.000336318,     0.001749999
N,       447080.0,    -0.001695629,     0.001094361,     0.001749999
N,       447081.0,    -0.000839395,     0.002000154,     0.001749999
N,       447082.0,    -0.000806751,     0.000810000,     0.001749999
N,       447083.0,    -0.000653375,     0.002068450,     0.001749999
N,       447084.0,    -0.001230505,     0.001390683,     0.001749999
N,       447085.0,    -0.001294834,     0.000469770,     0.001749999
N,       447086.0,    -0.000688251,     0.001033792,     0.001749999
N,       447087.0,    -0.001627111,     0.000286090,     0.001749999
N,       447088.0,    -0.000475324,     0.001278501,     0.001749999
N,       447089.0,    -0.000112558,     0.001586085,     0.001749999
N,       447090.0,    -0.000700939,     0.000699108,     0.001749999
N,       447091.0,    -0.001289786,     0.001582382,     0.001749999
N,       447092.0,    -0.000348873,     0.001582357,     0.001749999
N,       447093.0,    -0.000623225,     0.000111296,     0.001749999
N,       447094.0,    -0.001858313,     0.000958407,     0.001749999
N,       447095.0,    -0.002111970,     0.000094488,     0.001749999
N,       447096.0,    -0.001791457,     0.000109828,     0.001749999
N,       447097.0,    -0.001175051,     0.000106903,     0.001749999
N,       447098.0,    -0.000851953,     0.001699596,     0.001749999
N,       447099.0,    -0.000078916,     0.000765574,     0.001749999
N,       447100.0,    -0.000347388,     0.002140533,     0.001749999
N,       447101.0,    -0.000530309,     0.001926319,     0.001749999
N,       447102.0,    -0.000400654,     0.001803532,     0.001749999
N,       447103.0,    -0.001755390,     0.000771321,     0.001749999
N,       447104.0,    -0.000185855,     0.000732167,     0.001749999
N,       447105.0,    -0.000967187,     0.001297295,     0.001749999
N,       447106.0,    -0.001822084,     0.000529884,     0.001749999
N,       447107.0,    -0.000317901,     0.001868551,     0.001749999
N,       447108.0,    -0.000110824,     0.001809670,     0.001749999
N,       447109.0,    -0.000568896,     0.001668139,     0.001749999
N,       447110.0,    -0.001248803,     0.000648623,     0.001749999
N,       447111.0,    -0.001101521,     0.001865378,     0.001749999
N,       447112.0,    -0.000901880,     0.000810000,     0.001749999
N,       447113.0,    -0.001471381,     0.000107620,     0.001749999
N,       447114.0,    -0.000580389,     0.000820516,     0.001749999
N,       447115.0,    -0.000164659,     0.001251390,     0.001749999
N,       447116.0,    -0.001088875,     0.000753757,     0.001749999
N,       447117.0,    -0.000336304,     0.001474387,     0.001749999
N,       447118.0,    -0.000084143,     0.000571386,     0.001749999
N,       447119.0,    -0.001409706,     0.001648396,     0.001749999
N,       447120.0,    -0.000921078,     0.001053604,     0.001749999
N,       447121.0,    -0.000392397,     0.002036701,     0.001749999
N,       447122.0,    -0.001314290,     0.000202100,     0.001749999
N,       447123.0,    -0.000111504,     0.000118865,     0.001749999
N,       447124.0,    -0.000690000,     0.000537830,     0.001749999
N,       447125.0,    -0.001345930,     0.000840023,     0.001749999
N,       447126.0,    -0.000440103,     0.001512737,     0.001749999
N,       447127.0,    -0.001701533,     0.000563386,     0.001749999
N,       447128.0,    -0.000719814,     0.000780186,     0.001749999
N,       447129.0,    -0.002159802,     0.000263447,     0.001749999
N,       447130.0,    -0.001241631,     0.001262988,     0.001749999
N,       447131.0,    -0.000314754,     0.000174743,     0.001749999
N,       447132.0,    -0.001045385,     0.000310000,     0.001749999
N,       447133.0,    -0.000458932,     0.002125092,     0.001749999
N,       447134.0,    -0.000368329,     0.001300479,     0.001749999
N,       447135.0,    -0.001952023,     0.000529067,     0.001749999
N,       447136.0,    -0.000683070,     0.001831787,     0.001749999
N,       447137.0,    -0.000806220,     0.001479106,     0.001749999
N,       447138.0,    -0.001580480,     0.000932362,     0.001749999
N,       447139.0,    -0.001871384,     0.000727002,     0.001749999
N,       447140.0,    -0.000232670,     0.002121119,     0.001749999
N,       447141.0,    -0.002060900,     0.000622889,     0.001749999
N,       447142.0,    -0.000088450,     0.001913085,     0.001749999
N,       447143.0,    -0.000785879,     0.001266882,     0.001749999
N,       447144.0,    -0.000237925,     0.001430019,     0.001749999
N,       447145.0,    -0.000495222,     0.000810000,     0.001749999
N,       447146.0,    -0.000948533,     0.000869390,     0.001749999
N,       447147.0,    -0.001094958,     0.000864642,     0.001749999
N,       447148.0,    -0.000121612,     0.001481302,     0.001749999
N,       447149.0,    -0.001568967,     0.000572455,     0.001749999
N,       447150.0,    -0.000563034,     0.002102437,     0.001749999
N,       447151.0,    -0.000351111,     0.000300675,     0.001749999
N,       447152.0,    -0.001373190,     0.000521522,     0.001749999
N,       447153.0,    -0.001539232,     0.000199701,     0.001749999
N,       447154.0,    -0.000481787,     0.001735509,     0.001749999
N,       447155.0,    -0.000823287,     0.001584156,     0.001749999
N,       447156.0,    -0.000296698,     0.001762927,     0.001749999
N,       447157.0,    -0.001508431,     0.001195823,     0.001749999
N,       447158.0,    -0.001977843,     0.000943756,     0.001749999
N,       447159.0,    -0.001829030,     0.001206926,     0.001749999
N,       447160.0,    -0.000795369,     0.001370502,     0.001749999
N,       447161.0,    -0.001829233,     0.000218076,     0.001749999
N,       447162.0,    -0.000103188,     0.001692352,     0.001749999
N,       447163.0,    -0.001570132,     0.001098170,     0.001749999
N,       447164.0,    -0.000651113,     0.001606564,     0.001749999
N,       447165.0,    -0.001315338,     0.000734452,     0.001749999
N,       447166.0,    -0.000775668,     0.001782713,     0.001749999
N,       447167.0,    -0.001425579,     0.001294308,     0.001749999
N,       447168.0,    -0.000405857,     0.000810000,     0.001749999
N,       447169.0,    -0.001382746,     0.000932978,     0.001749999
N,       447170.0,    -0.001564452,     0.000384411,     0.001749999
N,       447171.0,    -0.001466188,     0.001094236,     0.001749999
N,       447172.0,    -0.000372240,     0.000436568,     0.001749999
N,       447173.0,    -0.000190000,     0.001153219,     0.001749999
N,       447174.0,    -0.000440766,     0.000069593,     0.001749999
N,       447175.0,    -0.000238339,     0.000824907,     0.001749999
N,       447176.0,    -0.000968193,     0.000330600,     0.001749999
N,       447177.0,    -0.002006908,     0.000846971,     0.001749999
N,       447178.0,    -0.000100516,     0.002015393,     0.001749999
N,       447179.0,    -0.001766073,     0.001292345,     0.001749999
N,       447180.0,    -0.000636377,     0.000753839,     0.001749999
N,       447181.0,    -0.001683889,     0.000101653,     0.001749999
N,       447182.0,    -0.000197021,     0.001047798,     0.001749999
N,       447183.0,    -0.000590146,     0.001988818,     0.001749999
N,       447184.0,    -0.000538414,     0.001459330,     0.001749999
N,       447185.0,    -0.000856562,     0.001115192,     0.001749999
N,       447186.0,    -0.000690000,     0.000617754,     0.001749999
N,       447187.0,    -0.000296271,     0.000615338,     0.001749999
N,       447188.0,    -0.001196898,     0.000743670,     0.001749999
N,       447189.0,    -0.001440563,     0.001004319,     0.001749999
N,       447190.0,    -0.001513450,     0.000747637,     0.001749999
N,       447191.0,    -0.000722989,     0.000260176,     0.001749999
N,       447192.0,    -0.001189480,     0.000903146,     0.001749999
N,       447193.0,    -0.000219285,     0.000485633,     0.001749999
N,       447194.0,    -0.000688972,     0.001221749,     0.001749999
N,       447195.0,    -0.001303235,     0.000389745,     0.001749999
N,       447196.0,    -0.001633668,     0.000782158,     0.001749999
N,       447197.0,    -0.000930292,     0.001962129,     0.001749999
N,       447198.0,    -0.002172951,     0.000162836,     0.001749999
N,       447199.0,    -0.000710021,     0.000123863,     0.001749999
N,       447200.0,    -0.000532806,     0.000405531,     0.001749999
N,       447201.0,    -0.000739792,     0.000846124,     0.001749999
N,       447202.0,    -0.000744001,     0.002026164,     0.001749999
N,       447203.0,    -0.000771908,     0.001075126,     0.001749999
N,       447204.0,    -0.000938421,     0.001149437,     0.001749999
N,       447205.0,    -0.002143225,     0.000469754,     0.001749999
N,       447206.0,    -0.000619113,     0.000374668,     0.001749999
N,       447207.0,    -0.001920382,     0.001034471,     0.001749999
N,       447208.0,    -0.000726480,     0.001543924,     0.001749999
N,       447209.0,    -0.000331050,     0.001384701,     0.001749999
N,       447210.0,    -0.001014330,     0.000916165,     0.001749999
N,       447211.0,    -0.000359912,     0.000082391,     0.001749999
N,       447212.0,    -0.000243761,     0.001932838,     0.001749999
N,       447213.0,    -0.000332338,     0.001961306,     0.001749999
N,       447214.0,    -0.001634045,     0.000186804,     0.001749999
N,       447215.0,    -0.000065800,     0.000842351,     0.001749999
N,       447216.0,    -0.001448815,     0.000590786,     0.001749999
N,       447217.0,    -0.000175135,     0.002186133,     0.001749999
N,       447218.0,    -0.000087567,     0.002177512,     0.001749999
N,       447219.0,    -0.001882052,     0.000445910,     0.001749999
N,       447220.0,    -0.000506300,     0.001839946,     0.001749999
N,       447221.0,    -0.000400812,     0.000510326,     0.001749999
N,       447222.0,    -0.001855859,     0.000805846,     0.001749999
N,       447223.0,    -0.000874506,     0.001294973,     0.001749999
N,       447224.0,    -0.001067761,     0.001299062,     0.001749999
N,       447225.0,    -0.001683606,     0.000390937,     0.001749999
N,       447226.0,    -0.001717619,     0.001370315,     0.001749999
N,       447227.0,    -0.001470999,     0.000385593,     0.001749999
N,       447228.0,    -0.001259851,     0.000084640,     0.001749999
N,       447229.0,    -0.002083304,     0.000312802,     0.001749999
N,       447230.0,    -0.001092487,     0.001128206,     0.001749999
N,       447231.0,    -0.000911866,     0.000956230,     0.001749999
N,       447232.0,    -0.001563827,     0.001503563,     0.001749999
N,       447233.0,    -0.000940591,     0.001854328,     0.001749999
N,       447234.0,    -0.002190030,     0.000076298,     0.001749999
N,       447235.0,    -0.001150492,     0.000515431,     0.001749999
N,       447236.0,    -0.000522872,     0.000095504,     0.001749999
N,       447237.0,    -0.001277383,     0.000558707,     0.001749999
N,       447238.0,    -0.002010943,     0.000105832,     0.001749999
N,       447239.0,    -0.000982368,     0.000779947,     0.001749999
N,       447240.0,    -0.001783594,     0.001137907,     0.001749999
N,       447241.0,    -0.001220405,     0.000509048,     0.001749999
N,       447242.0,    -0.000895816,     0.000333125,     0.001749999
N,       447243.0,    -0.000638962,     0.000291840,     0.001749999
N,       447244.0,    -0.001250477,     0.001122359,     0.001749999
N,       447245.0,    -0.002065381,     0.000399876,     0.001749999
N,       447246.0,    -0.001164176,     0.001316783,     0.001749999
N,       447247.0,    -0.000630067,     0.001423745,     0.001749999
N,       447248.0,    -0.001887943,     0.000108381,     0.001749999
N,       447249.0,    -0.001641672,     0.000992506,     0.001749999
N,       447250.0,    -0.001271496,     0.001765667,     0.001749999
N,       447251.0,    -0.001013128,     0.001370803,     0.001749999
N,       447252.0,    -0.000196094,     0.001735911,     0.001749999
N,       447253.0,    -0.000276497,     0.001648786,     0.001749999
N,       447254.0,    -0.001796972,     0.001052917,     0.001749999
N,       447255.0,    -0.000596525,     0.001885054,     0.001749999
N,       447256.0,    -0.001418844,     0.000687484,     0.001749999
N,       447257.0,    -0.001442662,     0.000844783,     0.001749999
N,       447258.0,    -0.000190769,     0.001632815,     0.001749999
N,       447259.0,    -0.001935589,     0.000791349,     0.001749999
N,       447260.0,    -0.000755191,     0.001903604,     0.001749999
N,       447261.0,    -0.000151938,     0.000534370,     0.001749999
N,       447262.0,    -0.000682924,     0.001129787,     0.001749999
N,       447263.0,    -0.000875197,     0.001785544,     0.001749999
N,       447264.0,    -0.000089257,     0.000665441,     0.001749999
N,       447265.0,    -0.000269304,     0.000076015,     0.001749999
N,       447266.0,    -0.001166600,     0.000824516,     0.001749999
N,       447267.0,    -0.001199314,     0.001724801,     0.001749999
N,       447268.0,    -0.001468797,     0.001484254,     0.001749999
N,       447269.0,    -0.001350984,     0.001398460,     0.001749999
N,       447270.0,    -0.001021992,     0.001657031,     0.001749999
N,       447271.0,    -0.001251692,     0.001677336,     0.001749999
N,       447272.0,    -0.001100145,     0.001607800,     0.001749999
N,       447273.0,    -0.000067180,     0.000403821,     0.001749999
N,       447274.0,    -0.000199564,     0.000398596,     0.001749999
N,       447275.0,    -0.000069795,     0.000486906,     0.001749999
N,       447276.0,    -0.001229164,     0.001003224,     0.001749999
N,       447277.0,    -0.000777281,     0.001169463,     0.001749999
N,       447278.0,    -0.000163036,     0.001886131,     0.001749999
N,       447279.0,    -0.001258613,     0.001486225,     0.001749999
N,       447280.0,    -0.000258410,     0.002192946,     0.001749999
N,       447281.0,    -0.000930632,     0.001230327,     0.001749999
N,       447282.0,    -0.001529642,     0.001421652,     0.001749999
N,       447283.0,    -0.000230183,     0.000560079,     0.001749999
N,       447284.0,    -0.000187580,     0.002055764,     0.001749999
N,       447285.0,    -0.001076700,     0.001054166,     0.001749999
N,       447286.0,    -0.001404272,     0.001550467,     0.001749999
N,       447287.0,    -0.001186678,     0.001560722,     0.001749999
N,       447288.0,    -0.001104655,     0.001388841,     0.001749999
N,       447289.0,    -0.001732069,     0.000476318,     0.001749999
N,       447290.0,    -0.001874807,     0.001123624,     0.001749999
N,       447291.0,    -0.000613372,     0.001169168,     0.001749999
N,       447292.0,    -0.000731430,     0.000192049,     0.001749999
N,       447293.0,    -0.001012818,     0.001819051,     0.001749999
N,       447294.0,    -0.002136285,     0.000554373,     0.001749999
N,       447295.0,    -0.000632104,     0.001505840,     0.001749999
N,       449769.0,    -0.000903069,     0.000498251,     0.001749999
N,       449770.0,    -0.000398907,     0.001000633,     0.001749999
N,       506200.0,     0.000000000,     0.007500000,     0.001749999
N,       506203.0,     0.000000000,     0.002373950,     0.001749999
N,       506204.0,     0.000000000,     0.002484845,     0.001749999
N,       506205.0,     0.000000000,     0.002706154,     0.001749999
N,       506206.0,     0.000000000,     0.003202071,     0.001749999
N,       506207.0,     0.000000000,     0.004311217,     0.001749999
N,       506208.0,     0.000000000,     0.005884565,     0.001749999
N,       506373.0,    -0.007500000,     0.000000000,     0.001749999
N,       506374.0,    -0.007311169,     0.001672365,     0.001749999
N,       506375.0,    -0.006754185,     0.003260518,     0.001749999
N,       506376.0,    -0.005857096,     0.004684488,     0.001749999
N,       506377.0,    -0.004665072,     0.005872572,     0.001749999
N,       506378.0,    -0.003238140,     0.006764943,     0.001749999
N,       506379.0,    -0.001648151,     0.007316666,     0.001749999
N,       506388.0,    -0.002371488,     0.000000000,     0.001749999
N,       506389.0,    -0.002479704,     0.000000000,     0.001749999
N,       506390.0,    -0.002696913,     0.000000000,     0.001749999
N,       506391.0,    -0.003190989,     0.000000000,     0.001749999
N,       506392.0,    -0.004298469,     0.000000000,     0.001749999
N,       506393.0,    -0.005882161,     0.000000000,     0.001749999
N,       506454.0,     0.000000000,     0.006692283,     0.001749999
N,       506455.0,     0.000000000,     0.005097891,     0.001749999
N,       506456.0,     0.000000000,     0.003756644,     0.001749999
N,       506492.0,     0.000000000,     0.006288424,     0.001749999
N,       506493.0,     0.000000000,     0.007096141,     0.001749999
N,       506494.0,     0.000000000,     0.005491228,     0.001749999
N,       506495.0,     0.000000000,     0.004704554,     0.001749999
N,       506496.0,    -0.006691081,     0.000000000,     0.001749999
N,       506497.0,    -0.005090315,     0.000000000,     0.001749999
N,       506498.0,    -0.003744729,     0.000000000,     0.001749999
N,       506499.0,    -0.006286621,     0.000000000,     0.001749999
N,       506500.0,    -0.006345709,     0.003997746,     0.001749999
N,       506501.0,    -0.002458670,     0.007085544,     0.001749999
N,       506502.0,    -0.005294515,     0.005312072,     0.001749999
N,       506533.0,    -0.007095540,     0.000000000,     0.001749999
N,       506534.0,    -0.004694392,     0.000000000,     0.001749999
N,       506535.0,    -0.005486238,     0.000000000,     0.001749999
N,       506536.0,    -0.003467859,     0.000000000,     0.001749999
N,       506557.0,    -0.004021599,     0.000000000,     0.001749999
N,       535318.0,    -0.001413560,     0.002278916,     0.001749999
N,       535319.0,    -0.001466087,     0.002865695,     0.001749999
N,       535320.0,    -0.002477671,     0.005006252,     0.001749999
N,       535321.0,    -0.002034090,     0.004492285,     0.001749999
N,       535322.0,    -0.003333411,     0.001709286,     0.001749999
N,       535323.0,    -0.003401428,     0.003259065,     0.001749999
N,       535324.0,    -0.001711811,     0.005308124,     0.001749999
N,       535325.0,    -0.001519717,     0.004683812,     0.001749999
N,       535326.0,    -0.004260337,     0.001941175,     0.001749999
N,       535327.0,    -0.004837285,     0.002494047,     0.001749999
N,       535328.0,    -0.002201815,     0.003910753,     0.001749999
N,       535329.0,    -0.001455873,     0.004079581,     0.001749999
N,       535330.0,    -0.002410768,     0.001739113,     0.001749999
N,       535331.0,    -0.002168985,     0.002522458,     0.001749999
N,       535332.0,    -0.004109347,     0.000545711,     0.001749999
N,       535333.0,    -0.002284683,     0.002207446,     0.001749999
N,       535334.0,    -0.002291252,     0.001609977,     0.001749999
N,       535335.0,    -0.001327191,     0.002362885,     0.001749999
N,       535336.0,    -0.001476782,     0.002541407,     0.001749999
N,       535337.0,    -0.001605095,     0.002325305,     0.001749999
N,       535338.0,    -0.001747921,     0.002258379,     0.001749999
N,       535339.0,    -0.001764741,     0.002146601,     0.001749999
N,       535340.0,    -0.001825975,     0.002016277,     0.001749999
N,       535341.0,    -0.002086240,     0.002012645,     0.001749999
N,       535342.0,    -0.002141440,     0.001883330,     0.001749999
N,       535343.0,    -0.002203390,     0.001764545,     0.001749999
N,       535344.0,    -0.002201844,     0.001628679,     0.001749999
N,       535345.0,    -0.002211004,     0.001530810,     0.001749999
N,       535346.0,    -0.002312228,     0.001513184,     0.001749999
N,       535347.0,    -0.002456276,     0.001540945,     0.001749999
N,       535348.0,    -0.002756706,     0.001268316,     0.001749999
N,       535349.0,    -0.003022291,     0.001213425,     0.001749999
N,       535350.0,    -0.002004329,     0.002737286,     0.001749999
N,       535351.0,    -0.001104555,     0.002340236,     0.001749999
N,       535352.0,    -0.002191151,     0.003363993,     0.001749999
N,       535353.0,    -0.001255784,     0.002248037,     0.001749999
N,       535354.0,    -0.001386332,     0.002204733,     0.001749999
N,       535355.0,    -0.001514889,     0.002179150,     0.001749999
N,       535356.0,    -0.001607080,     0.002126690,     0.001749999
N,       535357.0,    -0.001675775,     0.002027982,     0.001749999
N,       535358.0,    -0.001791220,     0.001945011,     0.001749999
N,       535359.0,    -0.001904489,     0.001876579,     0.001749999
N,       535360.0,    -0.001995873,     0.001795613,     0.001749999
N,       535361.0,    -0.002058459,     0.001695505,     0.001749999
N,       535362.0,    -0.002089593,     0.001581249,     0.001749999
N,       535363.0,    -0.002234107,     0.001393666,     0.001749999
N,       535364.0,    -0.002362299,     0.001350337,     0.001749999
N,       535365.0,    -0.002461568,     0.001272234,     0.001749999
N,       535366.0,    -0.002525402,     0.001174812,     0.001749999
N,       535367.0,    -0.002445499,     0.000953804,     0.001749999
N,       535368.0,    -0.002531996,     0.000873557,     0.001749999
N,       535369.0,    -0.001096431,     0.002435136,     0.001749999
N,       535370.0,    -0.000875350,     0.002717781,     0.001749999
N,       535371.0,    -0.001101575,     0.002631559,     0.001749999
N,       535372.0,    -0.002682614,     0.000822871,     0.001749999
N,       535373.0,    -0.002825466,     0.000708038,     0.001749999
N,       535374.0,    -0.000659498,     0.002752465,     0.001749999
N,       535375.0,    -0.001176330,     0.003170319,     0.001749999
N,       535376.0,    -0.003310657,     0.000748255,     0.001749999
N,       535377.0,    -0.003733720,     0.000804405,     0.001749999
N,       535378.0,    -0.001020559,     0.002265126,     0.001749999
N,       535379.0,    -0.001102682,     0.002198249,     0.001749999
N,       535380.0,    -0.001322295,     0.002110804,     0.001749999
N,       535381.0,    -0.001517187,     0.002002437,     0.001749999
N,       535382.0,    -0.001605695,     0.001929375,     0.001749999
N,       535383.0,    -0.001699044,     0.001853550,     0.001749999
N,       535384.0,    -0.001792407,     0.001777924,     0.001749999
N,       535385.0,    -0.001871729,     0.001698889,     0.001749999
N,       535386.0,    -0.001935996,     0.001610131,     0.001749999
N,       535387.0,    -0.001993635,     0.001510261,     0.001749999
N,       535388.0,    -0.002053984,     0.001407534,     0.001749999
N,       535389.0,    -0.002140447,     0.001321223,     0.001749999
N,       535390.0,    -0.002226284,     0.001242973,     0.001749999
N,       535391.0,    -0.002288123,     0.001154325,     0.001749999
N,       535392.0,    -0.002346559,     0.000918868,     0.001749999
N,       535393.0,    -0.002829394,     0.000528238,     0.001749999
N,       535394.0,    -0.000904214,     0.002464946,     0.001749999
N,       535395.0,    -0.000786012,     0.002520396,     0.001749999
N,       535396.0,    -0.000461632,     0.002636460,     0.001749999
N,       535397.0,    -0.001370155,     0.003583108,     0.001749999
N,       535398.0,    -0.004121936,     0.003049850,     0.001749999
N,       535399.0,    -0.002413721,     0.000804991,     0.001749999
N,       535400.0,    -0.002510840,     0.000715671,     0.001749999
N,       535401.0,    -0.002568666,     0.000613580,     0.001749999
N,       535402.0,    -0.002528881,     0.000480763,     0.001749999
N,       535403.0,    -0.002465905,     0.000365782,     0.001749999
N,       535404.0,    -0.002530700,     0.000298794,     0.001749999
N,       535405.0,    -0.000632989,     0.002531371,     0.001749999
N,       535406.0,    -0.000472613,     0.002474114,     0.001749999
N,       535407.0,    -0.000358976,     0.002439929,     0.001749999
N,       535408.0,    -0.000281601,     0.002517634,     0.001749999
N,       535409.0,    -0.000985623,     0.006625141,     0.001749999
N,       535410.0,    -0.001655043,     0.006063342,     0.001749999
N,       535411.0,    -0.002845699,     0.005673172,     0.001749999
N,       535412.0,    -0.003773357,     0.004988075,     0.001749999
N,       535413.0,    -0.004375065,     0.004410301,     0.001749999
N,       535414.0,    -0.004912610,     0.003819974,     0.001749999
N,       535415.0,    -0.005446791,     0.003063590,     0.001749999
N,       535416.0,    -0.006017060,     0.002285693,     0.001749999
N,       535417.0,    -0.006140375,     0.000842976,     0.001749999
N,       535418.0,    -0.004819663,     0.001147252,     0.001749999
N,       535419.0,    -0.004412168,     0.000844762,     0.001749999
N,       535420.0,    -0.003862121,     0.000295304,     0.001749999
N,       535421.0,    -0.003561290,     0.000390364,     0.001749999
N,       535422.0,    -0.002783023,     0.000255948,     0.001749999
N,       535423.0,    -0.002587284,     0.000193707,     0.001749999
N,       535424.0,    -0.006639055,     0.001198996,     0.001749999
N,       535425.0,    -0.000564598,     0.006269435,     0.001749999
N,       535426.0,    -0.000838751,     0.005798395,     0.001749999
N,       535427.0,    -0.000814183,     0.004745753,     0.001749999
N,       535428.0,    -0.000740042,     0.004207265,     0.001749999
N,       535429.0,    -0.000659281,     0.003713451,     0.001749999
N,       535430.0,    -0.000559994,     0.003210338,     0.001749999
N,       535431.0,    -0.000263074,     0.002765690,     0.001749999
N,       535432.0,    -0.000173296,     0.002559710,     0.001749999
N,       535433.0,    -0.000130982,     0.002368740,     0.001749999
N,       535434.0,    -0.000240856,     0.002354507,     0.001749999
N,       535435.0,    -0.000457642,     0.002344194,     0.001749999
N,       535436.0,    -0.000571385,     0.002329748,     0.001749999
N,       535437.0,    -0.000686117,     0.002300499,     0.001749999
N,       535438.0,    -0.000793689,     0.002260692,     0.001749999
N,       535439.0,    -0.000883468,     0.002209035,     0.001749999
N,       535440.0,    -0.000959553,     0.002162869,     0.001749999
N,       535441.0,    -0.001056511,     0.002113549,     0.001749999
N,       535442.0,    -0.001159285,     0.002063608,     0.001749999
N,       535443.0,    -0.001255414,     0.002009935,     0.001749999
N,       535444.0,    -0.001345459,     0.001952137,     0.001749999
N,       535445.0,    -0.001433256,     0.001891656,     0.001749999
N,       535446.0,    -0.001520347,     0.001826590,     0.001749999
N,       535447.0,    -0.001606559,     0.001756100,     0.001749999
N,       535448.0,    -0.001686053,     0.001679163,     0.001749999
N,       535449.0,    -0.001759371,     0.001600179,     0.001749999
N,       535450.0,    -0.001828227,     0.001519053,     0.001749999
N,       535451.0,    -0.001896752,     0.001435466,     0.001749999
N,       535452.0,    -0.001963825,     0.001343033,     0.001749999
N,       535453.0,    -0.002027623,     0.001252456,     0.001749999
N,       535454.0,    -0.002078506,     0.001162361,     0.001749999
N,       535455.0,    -0.002135587,     0.001066451,     0.001749999
N,       535456.0,    -0.002185316,     0.000966220,     0.001749999
N,       535457.0,    -0.002231683,     0.000867853,     0.001749999
N,       535458.0,    -0.002275222,     0.000764551,     0.001749999
N,       535459.0,    -0.002302027,     0.000660895,     0.001749999
N,       535460.0,    -0.002325156,     0.000544589,     0.001749999
N,       535461.0,    -0.002340656,     0.000440149,     0.001749999
N,       535462.0,    -0.002346354,     0.000345431,     0.001749999
N,       535463.0,    -0.002358892,     0.000248650,     0.001749999
N,       535464.0,    -0.003862524,     0.001363080,     0.001749999
N,       535465.0,    -0.002143247,     0.001466138,     0.001749999
N,       535466.0,    -0.001133139,     0.002273117,     0.001749999
N,       535467.0,    -0.003042363,     0.004304700,     0.001749999
N,       535468.0,    -0.002659752,     0.001582480,     0.001749999
N,       535469.0,    -0.003184411,     0.000355974,     0.001749999
N,       535470.0,    -0.000892601,     0.005308585,     0.001749999
N,       535471.0,    -0.005466123,     0.001465433,     0.001749999
N,       535472.0,    -0.000338110,     0.002340641,     0.001749999
N,       535473.0,    -0.002322100,     0.001043232,     0.001749999
N,       535474.0,    -0.001425604,     0.002062414,     0.001749999
N,       535475.0,    -0.002373688,     0.000132477,     0.001749999
N,       535476.0,    -0.000967465,     0.002369076,     0.001749999
N,       535477.0,    -0.003224761,     0.000986047,     0.001749999
N,       535478.0,    -0.001212880,     0.002153860,     0.001749999
N,       535479.0,    -0.002648781,     0.002038455,     0.001749999
N,       535480.0,    -0.003410593,     0.002366034,     0.001749999
N,       694416.0,     0.000000000,     0.000899443,     0.001749999
N,       694420.0,     0.000000000,     0.001220557,     0.001749999
N,       694421.0,     0.000000000,     0.000979349,     0.001749999
N,       694422.0,     0.000000000,     0.001056100,     0.001749999
N,       694423.0,     0.000000000,     0.001136099,     0.001749999
N,       697455.0,    -0.000779443,     0.000000000,     0.001749999
N,       697456.0,    -0.000810000,     0.000000000,     0.001749999
N,       697457.0,    -0.000990000,     0.000000000,     0.001749999
N,       697458.0,    -0.001100557,     0.000000000,     0.001749999
N,       697459.0,    -0.001100557,     0.000174797,     0.001749999
N,       697460.0,    -0.001100557,     0.000089421,     0.001749999
N,       697461.0,    -0.000779443,     0.000220557,     0.001749999
N,       697462.0,    -0.000779443,     0.000075196,     0.001749999
N,       697463.0,    -0.000779443,     0.000151941,     0.001749999
N,       697464.0,    -0.001064952,     0.000220557,     0.001749999
N,       697465.0,    -0.000865113,     0.000220557,     0.001749999
N,       697466.0,    -0.000967790,     0.000220557,     0.001749999
N,       697467.0,    -0.000940779,     0.000079759,     0.001749999
N,       697468.0,    -0.000846762,     0.000072128,     0.001749999
N,       697469.0,    -0.001100557,     0.000399443,     0.001749999
N,       697470.0,    -0.000779443,     0.000399443,     0.001749999
N,       697471.0,    -0.001021036,     0.000399443,     0.001749999
N,       697472.0,    -0.000936173,     0.000399443,     0.001749999
N,       697473.0,    -0.000852340,     0.000399443,     0.001749999
N,       697474.0,    -0.000564952,     0.000720557,     0.001749999
N,       697475.0,    -0.000600557,     0.000674797,     0.001749999
N,       697476.0,    -0.000279443,     0.000695997,     0.001749999
N,       697477.0,    -0.000279443,     0.000720557,     0.001749999
N,       697478.0,    -0.000600557,     0.000449256,     0.001749999
N,       697479.0,    -0.000600557,     0.000594507,     0.001749999
N,       697480.0,    -0.000600557,     0.000514464,     0.001749999
N,       697481.0,    -0.000779443,     0.000720557,     0.001749999
N,       697482.0,    -0.000779443,     0.000475233,     0.001749999
N,       697483.0,    -0.000779443,     0.000557672,     0.001749999
N,       697484.0,    -0.000779443,     0.000644100,     0.001749999
N,       697485.0,    -0.000557832,     0.000501131,     0.001749999
N,       697486.0,    -0.000496825,     0.000561411,     0.001749999
N,       697487.0,    -0.000421431,     0.000620053,     0.001749999
N,       697488.0,    -0.000346951,     0.000664817,     0.001749999
N,       697489.0,    -0.000366025,     0.000720557,     0.001749999
N,       697490.0,    -0.000465458,     0.000720557,     0.001749999
N,       697491.0,    -0.000990000,     0.000500000,     0.001749999
N,       697492.0,    -0.000810000,     0.000500000,     0.001749999
N,       697493.0,    -0.000943317,     0.000578406,     0.001749999
N,       697494.0,    -0.000846820,     0.000572170,     0.001749999
N,       697495.0,    -0.000600557,     0.001096280,     0.001749999
N,       697496.0,    -0.000600557,     0.000899443,     0.001749999
N,       697497.0,    -0.000600557,     0.000990663,     0.001749999
N,       697498.0,    -0.000779443,     0.000899443,     0.001749999
N,       697499.0,    -0.000779443,     0.000977225,     0.001749999
N,       697500.0,    -0.000868045,     0.000899443,     0.001749999
N,       697501.0,    -0.000825176,     0.000938927,     0.001749999
N,       697502.0,    -0.001021419,     0.000720557,     0.001749999
N,       697503.0,    -0.000851913,     0.000720557,     0.001749999
N,       697504.0,    -0.000937582,     0.000720557,     0.001749999
N,       697505.0,    -0.001100557,     0.000592683,     0.001749999
N,       697506.0,    -0.001070694,     0.000645068,     0.001749999
N,       697507.0,    -0.001100557,     0.000543416,     0.001749999
N,       697508.0,    -0.001100557,     0.000476840,     0.001749999
N,       697509.0,    -0.000851528,     0.000424648,     0.001749999
N,       697510.0,    -0.000948759,     0.000424831,     0.001749999
N,       697511.0,    -0.000279443,     0.000899443,     0.001749999
N,       697512.0,    -0.000524893,     0.000899443,     0.001749999
N,       697513.0,    -0.000439234,     0.000899443,     0.001749999
N,       697514.0,    -0.000356258,     0.000899443,     0.001749999
N,       697515.0,    -0.000279443,     0.001218364,     0.001749999
N,       697516.0,    -0.000525898,     0.001133958,     0.001749999
N,       697517.0,    -0.000447262,     0.001167189,     0.001749999
N,       697518.0,    -0.000364570,     0.001195625,     0.001749999
N,       697519.0,    -0.000279443,     0.000967834,     0.001749999
N,       697520.0,    -0.000279443,     0.001047723,     0.001749999
N,       697521.0,    -0.000279443,     0.001133113,     0.001749999
N,       697522.0,    -0.000310000,     0.001000000,     0.001749999
N,       697523.0,    -0.000490000,     0.001000000,     0.001749999
N,       697524.0,    -0.000355850,     0.000922059,     0.001749999
N,       697525.0,    -0.000450366,     0.000925880,     0.001749999
N,       697526.0,    -0.000443358,     0.001078384,     0.001749999
N,       697527.0,    -0.000348157,     0.001073115,     0.001749999
N,       697528.0,    -0.000100557,     0.001174797,     0.001749999
N,       697529.0,    -0.000100557,     0.000899443,     0.001749999
N,       697530.0,    -0.000100557,     0.001082019,     0.001749999
N,       697531.0,    -0.000100557,     0.000982694,     0.001749999
N,       697532.0,    -0.000064952,     0.001220557,     0.001749999
N,       700144.0,     0.000000000,     0.001000000,     0.001749999
N,       704653.0,    -0.001021937,     0.000585545,     0.001749999
N,       704654.0,    -0.000897615,     0.000649482,     0.001749999
N,       704655.0,    -0.000979760,     0.000653051,     0.001749999
N,       704656.0,    -0.001049242,     0.000513275,     0.001749999
N,       704657.0,    -0.001033157,     0.000460575,     0.001749999
N,       704667.0,    -0.000535840,     0.001056516,     0.001749999
N,       704668.0,    -0.000386733,     0.001124995,     0.001749999
N,       704686.0,    -0.001017552,     0.000139995,     0.001749999
N,       704687.0,    -0.000902946,     0.000150158,     0.001749999
N,       704688.0,    -0.001036801,     0.000054144,     0.001749999
N,       704796.0,    -0.000524964,     0.000648647,     0.001749999
N,       704897.0,    -0.000050279,     0.000949566,     0.001749999
N,       704898.0,    -0.000044365,     0.001011557,     0.001749999
